1 100
32
100 3
200 151 1 2 1 1682
200 708 2 3 2 2319
200 838 3 2 3 2177
200 1068 1 3 4 2191
200 1084 3 1 5 2041
600 1249 1 1 1
500 1683 3 4 0
500 1925 2 1 0
600 2041 3 5 1
500 2687 1 5 1
500 2944 1 5 1
500 3361 3 2 1
400 3642 3 2 2 2 1 4 1 0
500 3823 3 3 1
200 4423 3 2 6 4760
200 4760 1 2 7 4760
200 4764 1 2 8 4786
400 4786 2 3 8 1 0 7 1 0 6 3 0
200 5361 3 1 9 5375
500 5375 1 9 1
400 5454 1 2 9 3 1 5 3 1
500 5505 3 7 0
600 5614 1 4 1
600 5656 3 2 1
600 5781 1 9 1
600 6444 1 1 0
600 6897 2 8 1
300 7296 2 1 2 3 1
300 7533 3 3 9 1 1 6 2 0 3 2 0
400 7961 2 3 7 1 0 6 3 0 3 3 0
600 8555 1 5 1
400 8821 1 0
